114.0
115.0
116.0
123.0
118.0
120.0
122.0
119.0
121.0
119.0
121.0
122.0
119.0
118.0
121.0
118.0
121.0
119.0
126.0
122.0
123.0
119.0
119.0
121.0
118.0
119.0
120.0
123.0
121.0
121.0
123.0
125.0
125.0
117.0
116.0
114.0
131.0
129.0
128.0
114.0
114.0
119.0
115.0
115.0
117.0
116.0
113.0
113.0
121.0
118.0
119.0
121.0
118.0
118.0
125.0
118.0
122.0
118.0
110.0
117.0
118.0
119.0
120.0
123.0
119.0
122.0
119.0
116.0
117.0
104.0
108.0
113.0
123.0
123.0
123.0
117.0
118.0
122.0
114.0
116.0
117.0
123.0
120.0
118.0
118.0
119.0
121.0
123.0
127.0
128.0
123.0
125.0
120.0
129.0
123.0
126.0
133.0
123.0
129.0
125.0
126.0
133.0
126.0
126.0
128.0
126.0
126.0
127.0
127.0
127.0
130.0
127.0
127.0
129.0
131.0
125.0
127.0
128.0
126.0
128.0
132.0
127.0
132.0
127.0
124.0
129.0
123.0
124.0
133.0
125.0
125.0
124.0
127.0
125.0
123.0
131.0
127.0
128.0
129.0
122.0
132.0
127.0
125.0
130.0
126.0
125.0
127.0
110.0
114.0
115.0
116.0
115.0
117.0
115.0
112.0
114.0
114.0
117.0
110.0
116.0
114.0
120.0
117.0
114.0
119.0
118.0
117.0
124.0
123.0
120.0
125.0
120.0
117.0
122.0
123.0
120.0
123.0
124.0
123.0
131.0
121.0
119.0
124.0
121.0
123.0
124.0
117.0
121.0
123.0
118.0
123.0
121.0
123.0
123.0
124.0
115.0
120.0
124.0
118.0
122.0
124.0
114.0
114.0
115.0
118.0
110.0
114.0
120.0
119.0
125.0
125.0
127.0
126.0
124.0
126.0
126.0
115.0
114.0
116.0
119.0
117.0
120.0
116.0
107.0
108.0
127.0
124.0
130.0
118.0
115.0
120.0
128.0
127.0
126.0
115.0
116.0
117.0
121.0
121.0
119.0
138.0
130.0
152.0
121.0
124.0
126.0
118.0
117.0
117.0
117.0
118.0
123.0
118.0
112.0
123.0
125.0
120.0
117.0
118.0
113.0
116.0
110.0
114.0
114.0
116.0
114.0
114.0
116.0
117.0
117.0
122.0
120.0
120.0
114.0
114.0
114.0
114.0
116.0
119.0
126.0
126.0
126.0
134.0
125.0
123.0
133.0
134.0
135.0
140.0
133.0
134.0
134.0
134.0
138.0
137.0
132.0
137.0
132.0
133.0
137.0
133.0
127.0
131.0
119.0
131.0
125.0
124.0
131.0
133.0
127.0
125.0
125.0
127.0
133.0
133.0
120.0
118.0
117.0
123.0
117.0
123.0
125.0
118.0
125.0
129.0
131.0
125.0
108.0
104.0
99.0
108.0
108.0
110.0
118.0
118.0
114.0
110.0
114.0
110.0
104.0
107.0
109.0
108.0
109.0
114.0
110.0
106.0
104.0
108.0
104.0
104.0
105.0
109.0
110.0
118.0
118.0
118.0
118.0
118.0
115.0
123.0
120.0
127.0
127.0
127.0
128.0
118.0
118.0
116.0
112.0
116.0
114.0
124.0
131.0
126.0
123.0
125.0
124.0
131.0
123.0
124.0
120.0
125.0
117.0
117.0
117.0
117.0
122.0
125.0
125.0
118.0
118.0
118.0
114.0
113.0
117.0
117.0
114.0
118.0
123.0
118.0
119.0
116.0
118.0
117.0
118.0
116.0
118.0
118.0
118.0
118.0
122.0
118.0
117.0
114.0
113.0
118.0
122.0
119.0
118.0
122.0
123.0
124.0
123.0
123.0
124.0
117.0
113.0
115.0
130.0
123.0
124.0
114.0
118.0
113.0
114.0
113.0
114.0
117.0
113.0
113.0
119.0
117.0
118.0
119.0
118.0
119.0
130.0
117.0
120.0
109.0
110.0
110.0
114.0
116.0
115.0
119.0
118.0
118.0
113.0
113.0
110.0
104.0
104.0
104.0
118.0
115.0
115.0
118.0
116.0
118.0
115.0
114.0
110.0
116.0
118.0
116.0
118.0
118.0
116.0
123.0
123.0
120.0
117.0
108.0
118.0
130.0
121.0
125.0
125.0
123.0
121.0
124.0
121.0
124.0
128.0
121.0
122.0
126.0
124.0
123.0
125.0
124.0
123.0
126.0
114.0
127.0
127.0
125.0
124.0
137.0
123.0
130.0
123.0
123.0
124.0
125.0
125.0
123.0
130.0
120.0
122.0
130.0
118.0
132.0
123.0
126.0
125.0
126.0
124.0
125.0
126.0
126.0
124.0
123.0
126.0
124.0
130.0
121.0
122.0
114.0
108.0
116.0
115.0
114.0
110.0
108.0
113.0
104.0
109.0
113.0
114.0
121.0
116.0
118.0
116.0
114.0
114.0
118.0
116.0
117.0
118.0
117.0
120.0
125.0
118.0
118.0
124.0
118.0
118.0
125.0
123.0
127.0
116.0
118.0
117.0
118.0
120.0
116.0
117.0
117.0
119.0
118.0
116.0
121.0
122.0
123.0
121.0
120.0
114.0
118.0
121.0
123.0
119.0
108.0
104.0
110.0
114.0
104.0
113.0
120.0
116.0
121.0
124.0
126.0
121.0
124.0
123.0
114.0
111.0
116.0
113.0
120.0
118.0
118.0
123.0
108.0
104.0
121.0
119.0
118.0
117.0
116.0
114.0
130.0
125.0
127.0
117.0
114.0
109.0
121.0
115.0
116.0
126.0
137.0
137.0
114.0
117.0
118.0
113.0
107.0
115.0
113.0
113.0
109.0
117.0
118.0
118.0
124.0
119.0
115.0
108.0
104.0
116.0
110.0
109.0
104.0
110.0
108.0
104.0
116.0
117.0
113.0
119.0
112.0
121.0
113.0
113.0
114.0
114.0
112.0
109.0
123.0
119.0
125.0
127.0
124.0
123.0
130.0
134.0
132.0
130.0
134.0
134.0
134.0
130.0
131.0
137.0
134.0
131.0
137.0
134.0
130.0
133.0
125.0
130.0
121.0
115.0
118.0
126.0
123.0
132.0
121.0
130.0
128.0
145.0
125.0
128.0
117.0
116.0
114.0
123.0
116.0
117.0
125.0
130.0
124.0
128.0
127.0
124.0
108.0
104.0
99.0
104.0
99.0
99.0
116.0
114.0
113.0
114.0
114.0
104.0
104.0
104.0
104.0
109.0
104.0
104.0
98.0
104.0
104.0
109.0
99.0
104.0
104.0
104.0
104.0
121.0
115.0
116.0
118.0
110.0
114.0
125.0
123.0
121.0
130.0
124.0
125.0
114.0
116.0
115.0
116.0
104.0
108.0
127.0
123.0
124.0
123.0
123.0
124.0
120.0
121.0
118.0
120.0
116.0
119.0
123.0
118.0
117.0
110.0
118.0
121.0
116.0
116.0
114.0
209.0
205.0
202.0
202.0
205.0
205.0
205.0
202.0
205.0
205.0
205.0
205.0
205.0
205.0
205.0
202.0
205.0
202.0
197.0
205.0
205.0
209.0
202.0
202.0
201.0
209.0
202.0
202.0
202.0
209.0
205.0
197.0
205.0
209.0
205.0
209.0
205.0
199.0
205.0
205.0
209.0
205.0
200.0
209.0
202.0
209.0
205.0
201.0
209.0
205.0
201.0
205.0
209.0
209.0
209.0
209.0
209.0
205.0
205.0
203.0
209.0
205.0
209.0
201.0
205.0
205.0
205.0
209.0
205.0
202.0
205.0
205.0
201.0
202.0
202.0
205.0
202.0
197.0
202.0
197.0
202.0
205.0
202.0
205.0
209.0
202.0
202.0
202.0
205.0
205.0
205.0
205.0
209.0
202.0
209.0
209.0
202.0
205.0
202.0
202.0
202.0
202.0
205.0
202.0
206.0
202.0
205.0
209.0
197.0
205.0
202.0
205.0
205.0
206.0
205.0
202.0
205.0
205.0
209.0
205.0
209.0
209.0
205.0
197.0
201.0
205.0
205.0
202.0
202.0
202.0
193.0
194.0
205.0
205.0
202.0
205.0
202.0
209.0
202.0
197.0
202.0
202.0
201.0
202.0
202.0
202.0
205.0
205.0
201.0
205.0
194.0
205.0
202.0
197.0
202.0
194.0
205.0
205.0
205.0
209.0
202.0
209.0
209.0
202.0
209.0
205.0
209.0
205.0
205.0
209.0
209.0
209.0
209.0
209.0
205.0
209.0
205.0
209.0
206.0
209.0
209.0
209.0
213.0
209.0
205.0
202.0
209.0
209.0
209.0
209.0
205.0
205.0
209.0
209.0
209.0
209.0
209.0
209.0
209.0
209.0
213.0
209.0
209.0
209.0
209.0
209.0
209.0
205.0
202.0
201.0
209.0
205.0
205.0
205.0
213.0
209.0
209.0
209.0
202.0
205.0
202.0
209.0
202.0
202.0
205.0
205.0
200.0
205.0
205.0
205.0
202.0
205.0
209.0
209.0
197.0
213.0
209.0
202.0
205.0
202.0
205.0
205.0
205.0
202.0
201.0
209.0
202.0
202.0
202.0
202.0
202.0
202.0
205.0
203.0
202.0
205.0
201.0
209.0
205.0
205.0
205.0
213.0
202.0
202.0
205.0
209.0
202.0
205.0
205.0
194.0
202.0
202.0
202.0
202.0
205.0
201.0
205.0
202.0
205.0
209.0
198.0
202.0
202.0
209.0
209.0
209.0
213.0
213.0
213.0
213.0
209.0
209.0
209.0
209.0
209.0
209.0
213.0
209.0
209.0
209.0
213.0
209.0
213.0
205.0
209.0
212.0
213.0
219.0
213.0
209.0
205.0
209.0
209.0
209.0
209.0
212.0
209.0
202.0
209.0
209.0
205.0
205.0
205.0
205.0
209.0
209.0
202.0
209.0
205.0
205.0
205.0
201.0
202.0
209.0
209.0
205.0
205.0
209.0
209.0
209.0
202.0
205.0
201.0
205.0
209.0
209.0
209.0
205.0
197.0
201.0
202.0
205.0
213.0
209.0
213.0
209.0
205.0
202.0
209.0
206.0
205.0
209.0
212.0
205.0
205.0
213.0
205.0
209.0
209.0
213.0
209.0
209.0
205.0
209.0
209.0
209.0
213.0
209.0
202.0
205.0
205.0
202.0
202.0
205.0
205.0
202.0
205.0
209.0
209.0
209.0
202.0
205.0
205.0
202.0
205.0
202.0
197.0
202.0
202.0
209.0
205.0
205.0
209.0
209.0
209.0
202.0
213.0
209.0
205.0
205.0
202.0
213.0
209.0
209.0
202.0
209.0
205.0
205.0
209.0
205.0
209.0
213.0
202.0
205.0
202.0
205.0
202.0
205.0
209.0
202.0
205.0
209.0
202.0
205.0
209.0
209.0
205.0
202.0
202.0
205.0
205.0
205.0
202.0
209.0
205.0
205.0
202.0
209.0
202.0
202.0
202.0
202.0
205.0
202.0
197.0
202.0
202.0
209.0
202.0
197.0
202.0
197.0
202.0
206.0
202.0
205.0
202.0
209.0
213.0
213.0
213.0
213.0
205.0
209.0
213.0
209.0
209.0
213.0
213.0
205.0
209.0
205.0
205.0
209.0
209.0
205.0
213.0
213.0
213.0
209.0
219.0
212.0
209.0
205.0
202.0
205.0
205.0
202.0
205.0
202.0
197.0
202.0
202.0
205.0
205.0
209.0
209.0
205.0
200.0
205.0
197.0
195.0
194.0
197.0
209.0
205.0
209.0
209.0
209.0
197.0
202.0
202.0
199.0
202.0
194.0
202.0
202.0
202.0
201.0
206.0
205.0
205.0
205.0
202.0
202.0
202.0
197.0
201.0
205.0
209.0
205.0
205.0
205.0
205.0
202.0
202.0
205.0
202.0
205.0
205.0
205.0
202.0
205.0
205.0
205.0
205.0
202.0
202.0
205.0
209.0
213.0
209.0
202.0
205.0
202.0
209.0
209.0
205.0
205.0
209.0
202.0
205.0
205.0
209.0
209.0
205.0
209.0
202.0
205.0
209.0
205.0
205.0
202.0
202.0
209.0
205.0
205.0
205.0
202.0
209.0
209.0
202.0
205.0
209.0
205.0
209.0
205.0
205.0
205.0
205.0
209.0
205.0
209.0
209.0
205.0
205.0
78.0
90.0
94.0
94.0
78.0
75.0
64.0
76.0
74.0
77.0
64.0
90.0
71.0
77.0
76.0
78.0
74.0
75.0
78.0
90.0
87.0
77.0
76.0
71.0
64.0
77.0
71.0
96.0
64.0
71.0
64.0
78.0
71.0
74.0
78.0
87.0
100.0
64.0
76.0
78.0
76.0
78.0
96.0
96.0
87.0
74.0
91.0
100.0
100.0
96.0
75.0
96.0
97.0
87.0
76.0
78.0
78.0
76.0
64.0
76.0
78.0
86.0
71.0
71.0
71.0
74.0
94.0
76.0
64.0
75.0
64.0
78.0
82.0
78.0
74.0
91.0
97.0
71.0
96.0
68.0
94.0
92.0
90.0
74.0
78.0
78.0
75.0
74.0
94.0
94.0
96.0
89.0
64.0
78.0
71.0
64.0
78.0
82.0
72.0
78.0
77.0
113.0
74.0
103.0
71.0
96.0
71.0
91.0
64.0
76.0
78.0
76.0
74.0
82.0
78.0
78.0
74.0
78.0
64.0
64.0
64.0
64.0
64.0
71.0
78.0
90.0
96.0
89.0
76.0
78.0
91.0
94.0
70.0
82.0
96.0
98.0
91.0
77.0
90.0
65.0
78.0
98.0
74.0
98.0
96.0
87.0
78.0
78.0
90.0
96.0
78.0
96.0
89.0
90.0
98.0
64.0
90.0
78.0
78.0
78.0
76.0
90.0
91.0
64.0
77.0
100.0
87.0
71.0
78.0
78.0
76.0
78.0
99.0
87.0
76.0
90.0
96.0
78.0
89.0
99.0
89.0
64.0
90.0
96.0
87.0
92.0
94.0
100.0
113.0
78.0
98.0
97.0
91.0
95.0
98.0
71.0
96.0
96.0
94.0
94.0
87.0
96.0
77.0
77.0
64.0
94.0
78.0
78.0
66.0
78.0
78.0
78.0
76.0
77.0
71.0
71.0
82.0
76.0
74.0
76.0
74.0
71.0
64.0
94.0
74.0
78.0
96.0
94.0
66.0
87.0
99.0
90.0
89.0
101.0
96.0
91.0
77.0
71.0
90.0
74.0
89.0
82.0
77.0
74.0
72.0
94.0
78.0
64.0
71.0
76.0
94.0
76.0
77.0
77.0
76.0
78.0
77.0
71.0
64.0
94.0
78.0
78.0
76.0
82.0
96.0
74.0
95.0
78.0
76.0
94.0
74.0
100.0
90.0
81.0
91.0
98.0
78.0
78.0
74.0
101.0
210.0
188.0
196.0
203.0
202.0
191.0
209.0
210.0
189.0
191.0
188.0
186.0
189.0
184.0
206.0
195.0
189.0
196.0
196.0
203.0
204.0
207.0
188.0
188.0
192.0
197.0
186.0
192.0
202.0
189.0
206.0
186.0
195.0
184.0
203.0
207.0
207.0
202.0
199.0
206.0
203.0
204.0
209.0
210.0
197.0
202.0
197.0
207.0
202.0
203.0
200.0
199.0
197.0
216.0
189.0
185.0
203.0
206.0
188.0
187.0
188.0
185.0
188.0
189.0
195.0
189.0
187.0
205.0
203.0
200.0
191.0
185.0
208.0
204.0
190.0
186.0
200.0
190.0
203.0
221.0
189.0
211.0
189.0
219.0
202.0
187.0
186.0
189.0
206.0
212.0
210.0
191.0
208.0
188.0
204.0
210.0
185.0
204.0
207.0
192.0
190.0
185.0
188.0
195.0
202.0
203.0
191.0
221.0
188.0
186.0
203.0
207.0
192.0
187.0
204.0
209.0
205.0
212.0
206.0
204.0
204.0
214.0
205.0
191.0
196.0
195.0
190.0
196.0
204.0
204.0
187.0
186.0
186.0
186.0
187.0
200.0
195.0
205.0
202.0
203.0
185.0
185.0
203.0
186.0
196.0
186.0
202.0
203.0
188.0
189.0
203.0
202.0
189.0
190.0
70.0
68.0
70.0
64.0
71.0
70.0
68.0
126.0
127.0
127.0
127.0
129.0
127.0
128.0
128.0
128.0
131.0
130.0
127.0
130.0
128.0
128.0
128.0
126.0
130.0
128.0
129.0
129.0
130.0
130.0
132.0
128.0
128.0
128.0
124.0
130.0
130.0
132.0
127.0
128.0
127.0
129.0
125.0
127.0
125.0
132.0
130.0
129.0
129.0
132.0
130.0
126.0
128.0
124.0
130.0
132.0
132.0
132.0
131.0
132.0
132.0
132.0
133.0
129.0
131.0
132.0
126.0
124.0
124.0
130.0
130.0
130.0
134.0
132.0
130.0
136.0
127.0
130.0
127.0
130.0
128.0
128.0
129.0
127.0
126.0
126.0
124.0
127.0
127.0
126.0
127.0
127.0
126.0
125.0
130.0
128.0
128.0
134.0
128.0
130.0
132.0
132.0
132.0
132.0
132.0
130.0
132.0
132.0
130.0
128.0
129.0
129.0
132.0
132.0
130.0
128.0
123.0
127.0
126.0
127.0
129.0
128.0
130.0
128.0
128.0
130.0
130.0
128.0
130.0
132.0
132.0
132.0
127.0
127.0
127.0
127.0
128.0
129.0
135.0
127.0
126.0
127.0
127.0
126.0
131.0
130.0
133.0
132.0
126.0
124.0
128.0
127.0
123.0
117.0
121.0
127.0
128.0
128.0
130.0
124.0
123.0
125.0
127.0
130.0
128.0
127.0
130.0
127.0
128.0
128.0
127.0
136.0
145.0
133.0
129.0
132.0
128.0
128.0
134.0
136.0
138.0
136.0
136.0
136.0
136.0
136.0
136.0
137.0
135.0
136.0
138.0
136.0
136.0
136.0
134.0
136.0
140.0
136.0
136.0
138.0
135.0
137.0
132.0
135.0
136.0
132.0
136.0
137.0
136.0
136.0
137.0
133.0
136.0
136.0
134.0
133.0
137.0
135.0
130.0
129.0
129.0
132.0
131.0
132.0
130.0
134.0
132.0
136.0
133.0
135.0
130.0
132.0
126.0
127.0
128.0
130.0
131.0
130.0
128.0
128.0
132.0
127.0
128.0
128.0
130.0
132.0
132.0
132.0
133.0
134.0
136.0
130.0
132.0
132.0
132.0
132.0
132.0
132.0
132.0
132.0
139.0
127.0
126.0
126.0
125.0
126.0
125.0
127.0
127.0
125.0
126.0
126.0
127.0
122.0
123.0
122.0
127.0
130.0
132.0
130.0
130.0
127.0
123.0
123.0
127.0
128.0
127.0
124.0
127.0
128.0
130.0
128.0
130.0
128.0
130.0
131.0
132.0
135.0
134.0
140.0
135.0
136.0
136.0
134.0
135.0
136.0
134.0
130.0
132.0
135.0
134.0
132.0
136.0
133.0
135.0
132.0
134.0
132.0
132.0
135.0
132.0
134.0
135.0
140.0
132.0
132.0
137.0
128.0
131.0
136.0
134.0
136.0
135.0
132.0
135.0
151.0
144.0
133.0
131.0
135.0
132.0
132.0
134.0
132.0
130.0
132.0
131.0
134.0
132.0
132.0
132.0
132.0
132.0
134.0
130.0
132.0
130.0
132.0
132.0
131.0
134.0
136.0
134.0
134.0
130.0
130.0
130.0
130.0
139.0
135.0
133.0
134.0
133.0
140.0
136.0
140.0
130.0
132.0
132.0
134.0
132.0
130.0
130.0
132.0
138.0
147.0
147.0
137.0
132.0
131.0
132.0
135.0
140.0
137.0
148.0
139.0
127.0
126.0
128.0
130.0
130.0
128.0
127.0
128.0
137.0
134.0
134.0
135.0
132.0
132.0
128.0
129.0
128.0
128.0
124.0
131.0
136.0
132.0
132.0
129.0
128.0
132.0
130.0
132.0
130.0
128.0
131.0
132.0
138.0
133.0
135.0
132.0
132.0
131.0
134.0
134.0
134.0
134.0
130.0
129.0
130.0
132.0
128.0
132.0
132.0
128.0
129.0
130.0
128.0
130.0
131.0
129.0
135.0
134.0
129.0
130.0
134.0
128.0
131.0
134.0
130.0
130.0
131.0
130.0
130.0
125.0
122.0
124.0
123.0
125.0
124.0
125.0
127.0
126.0
128.0
127.0
129.0
127.0
132.0
126.0
127.0
125.0
128.0
125.0
124.0
142.0
143.0
140.0
138.0
145.0
128.0
138.0
140.0
140.0
140.0
132.0
132.0
131.0
131.0
131.0
134.0
130.0
130.0
136.0
134.0
136.0
138.0
143.0
140.0
127.0
139.0
128.0
125.0
125.0
125.0
126.0
125.0
126.0
124.0
124.0
125.0
125.0
123.0
134.0
148.0
136.0
138.0
132.0
128.0
137.0
128.0
125.0
125.0
123.0
124.0
133.0
132.0
132.0
130.0
128.0
128.0
125.0
127.0
126.0
127.0
124.0
124.0
125.0
130.0
130.0
128.0
129.0
130.0
129.0
127.0
128.0
128.0
127.0
128.0
132.0
132.0
131.0
125.0
132.0
135.0
133.0
132.0
132.0
128.0
129.0
134.0
132.0
130.0
130.0
130.0
130.0
129.0
131.0
134.0
132.0
132.0
132.0
134.0
132.0
134.0
130.0
135.0
132.0
132.0
132.0
134.0
128.0
131.0
134.0
131.0
134.0
132.0
136.0
131.0
132.0
132.0
132.0
133.0
131.0
132.0
128.0
134.0
134.0
131.0
132.0
132.0
132.0
134.0
130.0
136.0
134.0
134.0
133.0
133.0
133.0
135.0
131.0
133.0
130.0
133.0
136.0
132.0
132.0
134.0
132.0
79.0
82.0
85.0
84.0
83.0
83.0
82.0
82.0
85.0
82.0
85.0
84.0
80.0
83.0
83.0
83.0
83.0
84.0
81.0
84.0
83.0
83.0
87.0
85.0
81.0
83.0
83.0
82.0
81.0
86.0
87.0
82.0
81.0
83.0
82.0
83.0
83.0
85.0
85.0
86.0
85.0
83.0
85.0
83.0
87.0
83.0
91.0
82.0
88.0
88.0
88.0
89.0
88.0
88.0
87.0
88.0
88.0
88.0
87.0
88.0
82.0
82.0
80.0
83.0
83.0
85.0
83.0
88.0
91.0
88.0
89.0
87.0
87.0
85.0
83.0
83.0
88.0
83.0
82.0
83.0
84.0
83.0
82.0
84.0
84.0
83.0
85.0
83.0
85.0
88.0
86.0
84.0
84.0
85.0
83.0
84.0
84.0
83.0
87.0
85.0
91.0
86.0
82.0
86.0
83.0
88.0
86.0
83.0
83.0
85.0
86.0
83.0
80.0
79.0
83.0
82.0
83.0
81.0
90.0
83.0
82.0
85.0
80.0
83.0
83.0
83.0
82.0
80.0
81.0
79.0
82.0
80.0
79.0
79.0
81.0
81.0
82.0
79.0
83.0
81.0
84.0
82.0
80.0
77.0
79.0
83.0
81.0
83.0
79.0
80.0
81.0
80.0
83.0
80.0
79.0
78.0
79.0
81.0
81.0
83.0
83.0
81.0
81.0
86.0
81.0
84.0
85.0
85.0
86.0
85.0
85.0
85.0
95.0
91.0
91.0
96.0
88.0
91.0
95.0
89.0
88.0
92.0
88.0
96.0
90.0
85.0
92.0
86.0
91.0
93.0
89.0
93.0
91.0
89.0
91.0
91.0
89.0
89.0
96.0
86.0
89.0
91.0
89.0
91.0
85.0
91.0
89.0
89.0
89.0
85.0
91.0
89.0
84.0
85.0
87.0
82.0
85.0
91.0
92.0
85.0
85.0
88.0
95.0
96.0
84.0
93.0
87.0
86.0
83.0
83.0
83.0
85.0
81.0
84.0
82.0
91.0
84.0
92.0
89.0
91.0
85.0
91.0
92.0
82.0
82.0
84.0
87.0
85.0
88.0
85.0
89.0
88.0
84.0
87.0
86.0
81.0
83.0
85.0
83.0
83.0
82.0
89.0
83.0
82.0
81.0
90.0
88.0
87.0
78.0
79.0
81.0
92.0
91.0
91.0
91.0
83.0
80.0
80.0
82.0
79.0
82.0
79.0
83.0
87.0
88.0
83.0
81.0
85.0
85.0
86.0
88.0
88.0
91.0
94.0
87.0
87.0
91.0
89.0
90.0
89.0
89.0
100.0
89.0
87.0
88.0
93.0
90.0
84.0
85.0
89.0
86.0
84.0
84.0
89.0
87.0
93.0
89.0
104.0
91.0
85.0
86.0
87.0
86.0
94.0
91.0
88.0
89.0
99.0
93.0
96.0
92.0
87.0
95.0
84.0
94.0
85.0
86.0
94.0
83.0
89.0
97.0
89.0
85.0
88.0
91.0
88.0
94.0
91.0
89.0
96.0
81.0
86.0
88.0
84.0
92.0
91.0
96.0
95.0
84.0
83.0
84.0
89.0
120.0
91.0
97.0
89.0
88.0
88.0
110.0
89.0
84.0
87.0
86.0
88.0
85.0
85.0
85.0
95.0
102.0
97.0
90.0
84.0
89.0
90.0
101.0
92.0
95.0
89.0
83.0
85.0
86.0
88.0
86.0
84.0
88.0
89.0
91.0
87.0
91.0
91.0
88.0
88.0
86.0
86.0
84.0
81.0
82.0
87.0
91.0
85.0
87.0
85.0
94.0
82.0
89.0
84.0
88.0
85.0
89.0
87.0
89.0
94.0
88.0
85.0
85.0
83.0
87.0
88.0
91.0
90.0
98.0
88.0
83.0
83.0
85.0
86.0
86.0
85.0
89.0
82.0
89.0
85.0
82.0
84.0
85.0
89.0
90.0
88.0
91.0
95.0
91.0
88.0
88.0
91.0
95.0
86.0
83.0
84.0
82.0
81.0
79.0
81.0
87.0
81.0
80.0
79.0
81.0
81.0
89.0
81.0
79.0
81.0
81.0
79.0
83.0
83.0
82.0
81.0
79.0
88.0
94.0
92.0
93.0
91.0
92.0
99.0
104.0
100.0
98.0
92.0
94.0
82.0
92.0
87.0
86.0
80.0
80.0
85.0
86.0
102.0
98.0
92.0
87.0
102.0
81.0
82.0
83.0
85.0
82.0
83.0
88.0
86.0
80.0
83.0
81.0
89.0
91.0
91.0
96.0
96.0
88.0
88.0
87.0
94.0
79.0
78.0
80.0
79.0
86.0
88.0
87.0
89.0
84.0
83.0
87.0
89.0
84.0
81.0
86.0
82.0
81.0
84.0
82.0
86.0
83.0
91.0
87.0
89.0
79.0
84.0
83.0
85.0
85.0
84.0
91.0
85.0
85.0
85.0
86.0
80.0
81.0
79.0
83.0
85.0
89.0
86.0
88.0
84.0
87.0
87.0
87.0
91.0
89.0
92.0
87.0
88.0
88.0
87.0
91.0
87.0
91.0
90.0
85.0
85.0
94.0
89.0
87.0
90.0
88.0
87.0
88.0
89.0
88.0
89.0
85.0
85.0
91.0
83.0
89.0
88.0
88.0
87.0
86.0
88.0
88.0
89.0
87.0
95.0
95.0
90.0
87.0
88.0
91.0
89.0
86.0
91.0
88.0
88.0
88.0
88.0
92.0
88.0
136.0
140.0
145.0
146.0
145.0
141.0
143.0
142.0
142.0
143.0
147.0
143.0
150.0
143.0
142.0
143.0
145.0
143.0
141.0
140.0
142.0
147.0
144.0
146.0
141.0
140.0
140.0
141.0
141.0
142.0
149.0
150.0
151.0
147.0
145.0
145.0
141.0
141.0
140.0
141.0
136.0
140.0
141.0
140.0
136.0
146.0
142.0
142.0
145.0
142.0
140.0
142.0
141.0
138.0
137.0
143.0
146.0
139.0
137.0
135.0
137.0
142.0
135.0
150.0
150.0
148.0
149.0
152.0
149.0
142.0
146.0
148.0
144.0
141.0
142.0
141.0
147.0
146.0
143.0
154.0
148.0
154.0
152.0
152.0
148.0
152.0
142.0
152.0
145.0
148.0
148.0
148.0
151.0
144.0
151.0
148.0
152.0
142.0
143.0
152.0
152.0
150.0
152.0
152.0
152.0
150.0
152.0
154.0
154.0
150.0
150.0
154.0
150.0
152.0
151.0
152.0
153.0
150.0
152.0
152.0
146.0
141.0
143.0
148.0
143.0
141.0
147.0
147.0
147.0
148.0
149.0
147.0
148.0
143.0
143.0
148.0
148.0
144.0
146.0
152.0
148.0
142.0
141.0
137.0
141.0
142.0
137.0
138.0
141.0
136.0
137.0
141.0
137.0
138.0
136.0
137.0
146.0
142.0
144.0
142.0
143.0
140.0
152.0
143.0
152.0
150.0
147.0
156.0
152.0
151.0
152.0
143.0
150.0
152.0
147.0
146.0
144.0
150.0
146.0
148.0
149.0
149.0
149.0
146.0
148.0
148.0
150.0
146.0
148.0
148.0
146.0
148.0
148.0
150.0
151.0
146.0
143.0
148.0
145.0
145.0
143.0
143.0
143.0
150.0
152.0
159.0
152.0
142.0
149.0
152.0
150.0
152.0
151.0
150.0
147.0
152.0
147.0
149.0
147.0
143.0
144.0
139.0
150.0
142.0
145.0
144.0
142.0
145.0
144.0
144.0
148.0
146.0
150.0
138.0
141.0
143.0
142.0
150.0
148.0
147.0
158.0
150.0
154.0
148.0
148.0
148.0
143.0
141.0
138.0
146.0
148.0
143.0
146.0
152.0
150.0
150.0
147.0
146.0
143.0
143.0
143.0
146.0
152.0
144.0
141.0
135.0
141.0
138.0
136.0
137.0
142.0
147.0
142.0
139.0
137.0
140.0
141.0
141.0
143.0
142.0
142.0
142.0
152.0
151.0
150.0
154.0
152.0
154.0
158.0
154.0
154.0
156.0
154.0
156.0
154.0
156.0
154.0
154.0
158.0
154.0
154.0
156.0
154.0
148.0
152.0
154.0
155.0
154.0
151.0
154.0
151.0
154.0
154.0
154.0
152.0
152.0
153.0
154.0
148.0
147.0
150.0
150.0
148.0
148.0
149.0
149.0
148.0
152.0
149.0
148.0
154.0
154.0
135.0
133.0
138.0
136.0
135.0
137.0
141.0
136.0
144.0
140.0
137.0
141.0
138.0
141.0
142.0
141.0
142.0
136.0
143.0
145.0
146.0
148.0
150.0
148.0
147.0
148.0
147.0
142.0
142.0
142.0
143.0
137.0
142.0
137.0
141.0
135.0
143.0
144.0
142.0
142.0
144.0
144.0
146.0
152.0
152.0
143.0
146.0
145.0
147.0
148.0
148.0
148.0
146.0
146.0
146.0
146.0
144.0
145.0
146.0
148.0
150.0
146.0
143.0
127.0
127.0
125.0
133.0
130.0
130.0
130.0
129.0
129.0
132.0
132.0
132.0
133.0
131.0
130.0
133.0
131.0
131.0
126.0
126.0
126.0
133.0
133.0
133.0
129.0
128.0
128.0
130.0
127.0
127.0
136.0
136.0
136.0
132.0
130.0
129.0
129.0
127.0
128.0
128.0
125.0
128.0
134.0
128.0
128.0
128.0
129.0
129.0
130.0
130.0
129.0
130.0
130.0
127.0
127.0
128.0
127.0
128.0
127.0
122.0
126.0
126.0
122.0
132.0
132.0
134.0
132.0
130.0
132.0
132.0
131.0
128.0
130.0
129.0
128.0
132.0
127.0
128.0
134.0
134.0
134.0
138.0
136.0
136.0
136.0
134.0
131.0
132.0
136.0
140.0
142.0
136.0
136.0
134.0
134.0
132.0
133.0
130.0
132.0
142.0
138.0
140.0
136.0
138.0
137.0
138.0
136.0
136.0
136.0
136.0
136.0
138.0
138.0
136.0
138.0
138.0
136.0
136.0
136.0
136.0
132.0
132.0
130.0
130.0
130.0
128.0
136.0
134.0
136.0
135.0
133.0
135.0
131.0
133.0
133.0
136.0
134.0
134.0
134.0
134.0
136.0
127.0
128.0
127.0
126.0
125.0
125.0
129.0
127.0
130.0
127.0
121.0
123.0
130.0
126.0
123.0
128.0
128.0
130.0
130.0
130.0
129.0
136.0
136.0
136.0
133.0
136.0
136.0
136.0
138.0
136.0
135.0
136.0
133.0
132.0
132.0
130.0
136.0
135.0
130.0
132.0
133.0
134.0
134.0
132.0
132.0
136.0
133.0
132.0
136.0
136.0
134.0
134.0
132.0
136.0
136.0
130.0
127.0
132.0
132.0
130.0
136.0
134.0
132.0
141.0
136.0
138.0
135.0
134.0
135.0
136.0
134.0
135.0
134.0
135.0
135.0
135.0
136.0
136.0
129.0
136.0
129.0
128.0
132.0
130.0
132.0
134.0
135.0
132.0
136.0
132.0
133.0
134.0
136.0
127.0
128.0
128.0
136.0
133.0
136.0
140.0
141.0
140.0
136.0
136.0
136.0
127.0
127.0
128.0
136.0
135.0
136.0
134.0
136.0
132.0
133.0
134.0
132.0
133.0
130.0
132.0
132.0
134.0
129.0
125.0
122.0
127.0
127.0
123.0
121.0
121.0
121.0
131.0
128.0
127.0
127.0
129.0
127.0
127.0
130.0
127.0
127.0
136.0
134.0
136.0
138.0
138.0
137.0
140.0
140.0
139.0
138.0
136.0
139.0
139.0
141.0
141.0
138.0
140.0
140.0
138.0
140.0
144.0
140.0
138.0
136.0
138.0
136.0
136.0
138.0
136.0
136.0
134.0
135.0
134.0
140.0
140.0
141.0
134.0
132.0
133.0
130.0
133.0
129.0
136.0
136.0
136.0
136.0
136.0
130.0
144.0
142.0
140.0
127.0
127.0
127.0
128.0
127.0
125.0
130.0
128.0
128.0
123.0
124.0
127.0
128.0
129.0
126.0
121.0
121.0
121.0
132.0
135.0
132.0
133.0
132.0
132.0
134.0
132.0
132.0
129.0
128.0
128.0
128.0
128.0
125.0
125.0
126.0
123.0
130.0
127.0
130.0
128.0
128.0
126.0
136.0
134.0
134.0
130.0
134.0
135.0
132.0
131.0
131.0
135.0
132.0
132.0
131.0
133.0
130.0
136.0
135.0
134.0
136.0
133.0
135.0
78.0
78.0
78.0
78.0
78.0
81.0
83.0
78.0
81.0
84.0
83.0
83.0
81.0
83.0
78.0
78.0
81.0
78.0
77.0
74.0
78.0
85.0
85.0
84.0
76.0
77.0
76.0
72.0
72.0
76.0
87.0
86.0
86.0
78.0
78.0
77.0
78.0
76.0
76.0
76.0
76.0
76.0
75.0
78.0
76.0
81.0
83.0
76.0
84.0
81.0
86.0
81.0
78.0
76.0
77.0
78.0
75.0
75.0
76.0
78.0
73.0
74.0
78.0
78.0
78.0
81.0
78.0
76.0
78.0
76.0
78.0
76.0
78.0
76.0
78.0
78.0
78.0
83.0
83.0
81.0
86.0
89.0
89.0
83.0
81.0
83.0
78.0
84.0
83.0
86.0
87.0
78.0
83.0
81.0
78.0
80.0
81.0
81.0
87.0
88.0
87.0
89.0
87.0
87.0
84.0
86.0
87.0
87.0
86.0
87.0
87.0
83.0
87.0
87.0
86.0
89.0
86.0
87.0
86.0
81.0
83.0
80.0
86.0
78.0
76.0
86.0
74.0
86.0
81.0
82.0
83.0
78.0
78.0
81.0
81.0
83.0
78.0
78.0
81.0
83.0
77.0
78.0
81.0
78.0
76.0
76.0
81.0
83.0
78.0
82.0
76.0
78.0
76.0
72.0
73.0
76.0
78.0
74.0
76.0
74.0
76.0
87.0
83.0
81.0
83.0
83.0
81.0
83.0
86.0
88.0
87.0
87.0
83.0
83.0
83.0
86.0
88.0
89.0
85.0
87.0
86.0
87.0
76.0
78.0
76.0
83.0
78.0
76.0
83.0
81.0
83.0
78.0
83.0
79.0
78.0
82.0
76.0
78.0
81.0
78.0
83.0
83.0
89.0
89.0
84.0
82.0
81.0
81.0
82.0
88.0
87.0
86.0
86.0
86.0
86.0
86.0
83.0
81.0
81.0
78.0
78.0
78.0
76.0
76.0
84.0
81.0
82.0
80.0
79.0
80.0
79.0
83.0
78.0
78.0
78.0
76.0
83.0
83.0
83.0
91.0
87.0
91.0
87.0
78.0
87.0
81.0
78.0
78.0
90.0
86.0
81.0
82.0
78.0
76.0
76.0
81.0
78.0
83.0
81.0
81.0
83.0
87.0
83.0
74.0
73.0
78.0
74.0
72.0
78.0
78.0
78.0
76.0
77.0
73.0
72.0
73.0
76.0
76.0
74.0
77.0
76.0
85.0
83.0
83.0
83.0
86.0
87.0
86.0
87.0
86.0
86.0
87.0
86.0
87.0
89.0
83.0
89.0
87.0
89.0
91.0
87.0
87.0
86.0
87.0
86.0
87.0
84.0
85.0
81.0
86.0
84.0
83.0
86.0
93.0
87.0
86.0
87.0
79.0
76.0
78.0
82.0
87.0
87.0
94.0
87.0
86.0
80.0
94.0
92.0
89.0
78.0
78.0
79.0
76.0
78.0
78.0
83.0
81.0
81.0
83.0
78.0
82.0
81.0
80.0
78.0
76.0
78.0
76.0
78.0
81.0
78.0
76.0
78.0
76.0
83.0
86.0
80.0
76.0
83.0
83.0
78.0
81.0
83.0
74.0
76.0
74.0
78.0
76.0
76.0
76.0
73.0
74.0
86.0
83.0
83.0
84.0
83.0
82.0
87.0
83.0
78.0
81.0
83.0
81.0
83.0
78.0
83.0
86.0
86.0
83.0
87.0
84.0
84.0
